concentrationShape = 10000.0
concentrationScale = 0.0000000000001
thetaShape = 100000.0
thetaScale = 0.0000001
ancestralThetaShape = 0
ancestralThetaScale = 0
thetaParameters = 000
tauShape = 100000.0
tauScale = 0.00005
bottleProportionShapeA = 0
bottleProportionShapeB = 0
bottleProportionShared = 0
numTauClasses = 0
constrain = 0
subParamConstrain = 111111111

BEGIN SAMPLE_TBL
pair0	locus0	1	1	2	2	1.0	1000	0.25	0.25	0.25	pair0.locus0.fasta
pair1	locus0	1	1	2	2	1.0	1000	0.25	0.25	0.25	pair1.locus0.fasta
END SAMPLE_TBL

