
Results for '/home/jamie/projects/msbayes-experiments/response-redux/hickerson-et-al-posterior/hickerson-posterior-10k/posterior-from-mike-10k.txt.gz':
psi_mode = [2]
psi_probs = {1: 0.062024048096192386, 2: 0.1187374749498998, 3: 0.0907815631262525, 4: 0.06623246492985972, 5: 0.05100200400801603, 6: 0.042585170340681364, 7: 0.043386773547094186, 8: 0.039579158316633264, 9: 0.04088176352705411, 10: 0.03577154308617234, 11: 0.035971943887775554, 12: 0.03857715430861723, 13: 0.03356713426853707, 14: 0.03196392785571142, 15: 0.029158316633266533, 16: 0.036773547094188376, 17: 0.035370741482965935, 18: 0.034569138276553106, 19: 0.030661322645290583, 20: 0.03326653306613227, 21: 0.03396793587174349, 22: 0.035170340681362725}
omega_mode = [(0.012328910645698259, 0.014383729086647968)]
omega_median = 0.0140623525794
omega_prob_less_than = 0.298196392786
model_probs = {1: 0.5133266533066132, 2: 0.2859719438877755, 3: 0.035971943887775554, 4: 0.001503006012024048, 5: 0.14168336673346693, 6: 0.02034068136272545, 7: 0.001002004008016032, 8: 0.0002004008016032064}
