
Results for '/home/jamie/projects/msbayes-experiments/response-redux/hickerson-et-al-posterior/hickerson-posterior-1k/posterior-from-mike-1k.txt.gz':
psi_mode = [2]
psi_probs = {1: 0.043, 2: 0.131, 3: 0.112, 4: 0.095, 5: 0.057, 6: 0.037, 7: 0.038, 8: 0.039, 9: 0.043, 10: 0.032, 11: 0.037, 12: 0.034, 13: 0.029, 14: 0.038, 15: 0.03, 16: 0.026, 17: 0.038, 18: 0.033, 19: 0.025, 20: 0.028, 21: 0.025, 22: 0.03}
omega_mode = [(0.010468506070171682, 0.01570275910525752)]
omega_median = 0.0145767959989
omega_prob_less_than = 0.274
model_probs = {1: 0.558, 2: 0.185, 3: 0.024, 4: 0.001, 5: 0.213, 6: 0.018, 7: 0.001}
